B_cell,AML,AML,T_cell,AML,B_cell,B_cell,B_cell,AML,B_cell,B_cell,AML,B_cell,B_cell,B_cell,B_cell,B_cell,AML,T_cell,AML,T_cell,B_cell,AML,B_cell,AML,B_cell,AML,T_cell,AML,AML,AML,B_cell,B_cell,B_cell,B_cell,B_cell,AML,B_cell,AML,B_cell,B_cell,B_cell,B_cell,B_cell,B_cell,B_cell,AML,AML,B_cell,T_cell,T_cell,B_cell,AML,B_cell,B_cell,B_cell,AML,AML,B_cell,B_cell,T_cell,B_cell,B_cell,AML,AML,AML,AML,T_cell,T_cell,AML,B_cell,B_cell
5905.0,20836.0,20230.0,16756.0,15696.0,-74.0,14110.0,13007.0,17621.0,10127.0,9582.0,18761.0,11439.0,15030.0,4175.0,10207.0,11270.0,14764.0,13624.0,9615.0,24420.0,15970.0,13861.0,11126.0,15033.0,19406.0,9718.0,15546.0,11709.0,14968.0,15692.0,15601.0,13017.0,5199.0,21334.0,13011.0,12086.0,10592.0,12453.0,14799.0,10675.0,8380.0,14427.0,14345.0,7956.0,12353.0,14969.0,17479.0,13884.0,13568.0,19434.0,7327.0,14007.0,12125.0,16066.0,8189.0,14266.0,7103.0,10630.0,17294.0,11676.0,14131.0,16429.0,13617.0,5408.0,15041.0,14230.0,18782.0,17041.0,15646.0,20863.0,10299.0
6595.0,-104.0,269.0,3925.0,2229.0,6106.0,1787.0,8390.0,-833.0,2079.0,4660.0,1657.0,-300.0,197.0,1095.0,3226.0,-394.0,895.0,20520.0,2621.0,586.0,13928.0,269.0,1158.0,-459.0,1101.0,2791.0,582.0,1090.0,-309.0,-128.0,1839.0,1571.0,7.0,214.0,2374.0,5202.0,2617.0,1645.0,1087.0,700.0,4546.0,781.0,2188.0,149.0,1105.0,2219.0,3.0,8656.0,15997.0,4037.0,-134.0,-881.0,465.0,6482.0,1947.0,-102.0,3986.0,2286.0,151.0,13330.0,4812.0,-112.0,5619.0,845.0,2215.0,-820.0,865.0,700.0,1967.0,4666.0,-191.0
3302.0,6201.0,1096.0,3387.0,2318.0,3173.0,4968.0,3974.0,13963.0,2077.0,2422.0,591.0,1646.0,2189.0,2193.0,461.0,8670.0,4105.0,13545.0,4924.0,2951.0,5221.0,2537.0,2654.0,16171.0,3781.0,4793.0,5145.0,8030.0,12218.0,11562.0,3772.0,2102.0,4272.0,3251.0,1878.0,6749.0,5593.0,13057.0,3457.0,3904.0,4124.0,1275.0,4866.0,1748.0,1382.0,4367.0,8213.0,6157.0,6765.0,2505.0,1128.0,9830.0,1885.0,4646.0,4953.0,7451.0,1226.0,3709.0,1623.0,2466.0,1712.0,1891.0,14471.0,894.0,13317.0,12449.0,2334.0,3947.0,3250.0,4207.0,1876.0
1671.0,74.0,51.0,2783.0,-218.0,1830.0,6270.0,1234.0,455.0,6603.0,7369.0,445.0,1544.0,1896.0,4066.0,4614.0,219.0,221.0,-28.0,249.0,2372.0,2790.0,454.0,3282.0,166.0,5433.0,-53.0,1391.0,106.0,-170.0,1.0,5653.0,6845.0,8700.0,8791.0,1644.0,1284.0,10926.0,-252.0,12307.0,7216.0,5455.0,1595.0,4357.0,4537.0,7480.0,80.0,297.0,4830.0,1627.0,807.0,2495.0,120.0,613.0,7540.0,1327.0,123.0,2.0,9811.0,1487.0,257.0,7686.0,-135.0,58.0,-27.0,297.0,412.0,972.0,780.0,385.0,2433.0,1628.0
9515.0,82.0,241.0,19653.0,138.0,356.0,433.0,7932.0,-204.0,72.0,1094.0,20.0,-190.0,95.0,1289.0,1316.0,-28.0,166.0,2464.0,1653.0,7978.0,2572.0,970.0,723.0,-179.0,210.0,1522.0,16572.0,294.0,-35.0,169.0,33.0,4811.0,137.0,69.0,694.0,6667.0,6259.0,1983.0,47.0,141.0,342.0,47.0,265.0,782.0,-33.0,531.0,113.0,4555.0,9456.0,3894.0,-276.0,45.0,-270.0,134.0,2514.0,812.0,682.0,282.0,-82.0,14079.0,319.0,969.0,-260.0,661.0,-131.0,-154.0,21880.0,6008.0,74.0,612.0,139.0
15229.0,12939.0,7419.0,21798.0,19448.0,20840.0,17499.0,15084.0,17332.0,18928.0,10944.0,25420.0,15790.0,15470.0,17175.0,10723.0,10036.0,16528.0,22852.0,7626.0,29496.0,16072.0,13905.0,14223.0,15140.0,19203.0,23272.0,17827.0,18214.0,18200.0,22296.0,19052.0,19987.0,27495.0,21110.0,24451.0,15939.0,14836.0,11444.0,13661.0,18163.0,14954.0,8483.0,20812.0,10706.0,17305.0,19374.0,10319.0,17351.0,17650.0,21444.0,12987.0,15761.0,18805.0,23712.0,17962.0,18943.0,13424.0,18530.0,16383.0,14919.0,14423.0,23352.0,17207.0,8523.0,14387.0,16802.0,21874.0,17789.0,14026.0,25622.0,18546.0
-139.0,10171.0,9986.0,-109.0,22222.0,-64.0,333.0,1441.0,2005.0,1293.0,706.0,27285.0,-62.0,938.0,-257.0,-49.0,51.0,28390.0,-113.0,228.0,88.0,135.0,6960.0,56.0,5702.0,-30.0,2606.0,-35.0,5895.0,17371.0,747.0,87.0,3562.0,490.0,-60.0,917.0,209.0,379.0,429.0,-146.0,199.0,196.0,2269.0,989.0,296.0,2681.0,14230.0,2204.0,777.0,-29.0,-36.0,-93.0,9138.0,-78.0,1213.0,311.0,9006.0,15791.0,22.0,18.0,93.0,478.0,184.0,8072.0,3917.0,1003.0,353.0,392.0,16.0,11205.0,1452.0,59.0
176.0,-16.0,78.0,182.0,56.0,53.0,117.0,99.0,125.0,123.0,-113.0,49.0,11.0,89.0,202.0,137.0,75.0,134.0,10145.0,210.0,94.0,121.0,39.0,272.0,173.0,154.0,203.0,8426.0,-19.0,133.0,76.0,56.0,45.0,125.0,57.0,-37.0,165.0,184.0,87.0,-63.0,79.0,84.0,84.0,58.0,123.0,71.0,123.0,11.0,591.0,11799.0,93.0,195.0,72.0,-20.0,-7.0,206.0,135.0,-79.0,61.0,76.0,8582.0,172.0,982.0,169.0,422.0,62.0,55.0,269.0,103.0,-27.0,24.0,51.0
1695.0,880.0,1727.0,3569.0,1426.0,156.0,1159.0,15848.0,2491.0,940.0,6089.0,234.0,466.0,523.0,1964.0,267.0,-49.0,186.0,2662.0,245.0,1322.0,1089.0,1916.0,670.0,700.0,-12.0,4355.0,3371.0,5138.0,3399.0,1896.0,601.0,990.0,-84.0,158.0,-4.0,6663.0,660.0,291.0,-87.0,548.0,1496.0,299.0,262.0,1040.0,472.0,1177.0,1240.0,3199.0,8521.0,117.0,320.0,91.0,848.0,644.0,874.0,2276.0,1644.0,195.0,40.0,2823.0,441.0,409.0,589.0,1303.0,423.0,551.0,1308.0,738.0,595.0,1465.0,268.0
2179.0,313.0,74.0,-79.0,9877.0,-154.0,-190.0,-6.0,1563.0,-514.0,50.0,34591.0,-300.0,-157.0,-272.0,-70.0,-129.0,-201.0,24.0,58.0,-202.0,-219.0,760.0,-272.0,-360.0,1290.0,-97.0,-130.0,-398.0,-5.0,1260.0,8615.0,-264.0,453.0,1403.0,3409.0,-154.0,-256.0,-265.0,199.0,-183.0,68.0,25374.0,6365.0,25276.0,51900.0,0.0,996.0,3376.0,-194.0,-138.0,-438.0,-61.0,-253.0,49432.0,746.0,566.0,-194.0,-106.0,5483.0,-169.0,-202.0,-143.0,4476.0,252.0,-103.0,109.0,352.0,-184.0,53.0,349.0,-32.0
-39.0,2745.0,3168.0,254.0,10737.0,-124.0,76.0,375.0,17863.0,394.0,107.0,2460.0,-304.0,-86.0,-247.0,68.0,-102.0,123.0,2090.0,2103.0,1168.0,-229.0,1537.0,303.0,1661.0,49.0,24178.0,336.0,19680.0,12735.0,17846.0,163.0,36.0,-65.0,502.0,239.0,12339.0,205.0,1073.0,78.0,-177.0,66.0,359.0,250.0,553.0,180.0,14193.0,6962.0,-166.0,1358.0,425.0,34.0,11686.0,-233.0,-96.0,453.0,21404.0,1481.0,-97.0,-125.0,820.0,-180.0,22.0,3654.0,3293.0,13296.0,14555.0,498.0,-376.0,7238.0,107.0,-205.0
3753.0,1844.0,1012.0,2584.0,4525.0,11199.0,10614.0,4371.0,2040.0,8630.0,3250.0,1237.0,11689.0,10308.0,4742.0,2881.0,7910.0,3946.0,4061.0,1221.0,2647.0,3233.0,1467.0,5565.0,3589.0,5586.0,3959.0,5522.0,2686.0,227.0,3379.0,11146.0,6737.0,3005.0,4247.0,6205.0,6414.0,12747.0,3768.0,6024.0,6031.0,5779.0,4608.0,5451.0,7622.0,5452.0,-40.0,947.0,10196.0,5318.0,4316.0,7410.0,3281.0,9428.0,4283.0,6570.0,4125.0,1639.0,7747.0,11962.0,3076.0,4553.0,3990.0,3197.0,761.0,2840.0,4576.0,3093.0,4194.0,2584.0,4101.0,14682.0
1297.0,2815.0,5971.0,2789.0,6179.0,545.0,2035.0,4215.0,12358.0,2622.0,1405.0,2442.0,1132.0,1269.0,1962.0,1008.0,949.0,2776.0,2718.0,1775.0,1854.0,1371.0,5587.0,1410.0,2275.0,1750.0,7323.0,2900.0,6215.0,2172.0,13422.0,1576.0,1910.0,951.0,1169.0,1243.0,7373.0,2273.0,4214.0,1551.0,1642.0,1330.0,768.0,1107.0,1815.0,2577.0,3913.0,2558.0,2065.0,2325.0,1297.0,2127.0,6223.0,2735.0,1502.0,558.0,5946.0,3909.0,786.0,1208.0,2337.0,1346.0,711.0,2771.0,11451.0,7125.0,8793.0,1855.0,1471.0,4630.0,1763.0,1343.0
14964.0,13249.0,13748.0,10716.0,11557.0,19552.0,17094.0,10246.0,12386.0,7997.0,13064.0,12841.0,16647.0,18333.0,11832.0,14654.0,14010.0,11948.0,11234.0,14724.0,11254.0,13588.0,18298.0,13058.0,17646.0,10139.0,9610.0,18139.0,14675.0,12824.0,12353.0,13544.0,15409.0,10442.0,6945.0,7798.0,17430.0,20041.0,17818.0,13258.0,18386.0,12487.0,10285.0,10503.0,12887.0,5505.0,9405.0,14374.0,17212.0,19729.0,15104.0,9627.0,13045.0,16372.0,11095.0,14770.0,15600.0,16663.0,14187.0,14731.0,18532.0,14233.0,13516.0,15683.0,19071.0,17148.0,17821.0,16914.0,12209.0,15095.0,11965.0,18481.0
224.0,2339.0,249.0,-33.0,60.0,8.0,212.0,1060.0,782.0,169.0,7989.0,818.0,6418.0,2139.0,3817.0,223.0,1498.0,533.0,371.0,15700.0,-74.0,12226.0,807.0,7.0,24744.0,2733.0,335.0,191.0,-59.0,220.0,198.0,169.0,-17.0,-4.0,389.0,448.0,2964.0,15643.0,3074.0,2882.0,3711.0,506.0,6131.0,2693.0,234.0,282.0,15390.0,6879.0,4407.0,1405.0,298.0,142.0,45.0,2377.0,27106.0,859.0,1536.0,11527.0,59.0,6917.0,1439.0,1060.0,102.0,18773.0,303.0,1729.0,989.0,-10.0,278.0,1050.0,80.0,200.0
623.0,17279.0,28647.0,1268.0,15196.0,343.0,520.0,7.0,7955.0,217.0,851.0,25625.0,882.0,949.0,1302.0,827.0,678.0,2297.0,513.0,380.0,910.0,502.0,13464.0,782.0,2676.0,173.0,1255.0,1337.0,2270.0,4561.0,1676.0,575.0,478.0,627.0,330.0,703.0,976.0,-862.0,548.0,621.0,350.0,29.0,1767.0,344.0,839.0,2724.0,2571.0,19615.0,271.0,368.0,1177.0,176.0,11036.0,826.0,2235.0,185.0,13774.0,1233.0,160.0,699.0,838.0,45.0,-144.0,4108.0,2914.0,9933.0,9994.0,82.0,737.0,7791.0,1296.0,734.0
4317.0,382.0,174.0,628.0,155.0,2805.0,5767.0,218.0,-14.0,9288.0,2559.0,314.0,5314.0,5354.0,4048.0,1813.0,5397.0,325.0,707.0,623.0,282.0,5070.0,711.0,9326.0,251.0,3403.0,1742.0,423.0,351.0,301.0,460.0,6101.0,3649.0,12968.0,11999.0,4896.0,306.0,8148.0,-2.0,4200.0,5632.0,8219.0,1642.0,4750.0,4941.0,2282.0,698.0,412.0,4634.0,895.0,870.0,4184.0,-160.0,5146.0,3115.0,6517.0,686.0,654.0,5075.0,3627.0,155.0,2696.0,3339.0,19.0,1070.0,218.0,343.0,585.0,147.0,272.0,2504.0,5955.0
10066.0,2799.0,2030.0,1236.0,2023.0,11.0,10737.0,8865.0,4664.0,3665.0,6392.0,1839.0,7070.0,9553.0,2033.0,3004.0,6563.0,1094.0,5736.0,1525.0,917.0,8681.0,1813.0,9059.0,2502.0,6753.0,5708.0,4988.0,5216.0,3220.0,4780.0,9475.0,4330.0,11027.0,9766.0,2854.0,6517.0,6605.0,5032.0,11375.0,7528.0,13536.0,3869.0,10820.0,4568.0,4743.0,3214.0,3531.0,11724.0,4614.0,467.0,2207.0,5420.0,4402.0,7117.0,11334.0,4158.0,2469.0,11150.0,6092.0,2357.0,5811.0,7274.0,4738.0,1927.0,6595.0,6945.0,1083.0,753.0,3011.0,5026.0,7477.0
16888.0,3650.0,1780.0,1032.0,10343.0,14610.0,17537.0,11030.0,15576.0,16424.0,10841.0,9902.0,13356.0,13769.0,21435.0,25969.0,22207.0,19502.0,6116.0,3670.0,1749.0,14158.0,5093.0,19748.0,943.0,16170.0,27467.0,1432.0,21350.0,16070.0,15270.0,15534.0,15787.0,21598.0,24948.0,12996.0,15837.0,17110.0,13274.0,14532.0,18580.0,19291.0,8156.0,15333.0,20417.0,24186.0,24629.0,9065.0,16638.0,7657.0,860.0,9892.0,18252.0,10249.0,18871.0,22970.0,8869.0,14177.0,22819.0,14339.0,3274.0,20755.0,24727.0,17511.0,10640.0,13094.0,17428.0,2273.0,461.0,16544.0,12114.0,9988.0
1128.0,6957.0,8964.0,416.0,7248.0,1912.0,2133.0,1150.0,10603.0,690.0,2450.0,10449.0,392.0,7972.0,140.0,1269.0,354.0,975.0,4401.0,3340.0,597.0,3711.0,8518.0,177.0,1285.0,283.0,5314.0,848.0,5178.0,5086.0,6371.0,2282.0,1232.0,33.0,155.0,348.0,3259.0,180.0,7858.0,1327.0,1537.0,1750.0,2057.0,1045.0,1102.0,4509.0,3653.0,8859.0,2128.0,3460.0,178.0,291.0,7281.0,403.0,7064.0,1357.0,7056.0,3628.0,2408.0,1183.0,2525.0,1519.0,1232.0,8855.0,6311.0,8479.0,11003.0,1094.0,1343.0,5849.0,5252.0,1687.0
1917.0,400.0,809.0,1798.0,6009.0,1762.0,3260.0,683.0,1720.0,56.0,4152.0,2507.0,11688.0,2597.0,3679.0,7592.0,41.0,5743.0,-694.0,1451.0,2222.0,16107.0,443.0,3215.0,807.0,3826.0,227.0,3119.0,1457.0,1615.0,904.0,2445.0,1845.0,12475.0,1681.0,3615.0,2406.0,3555.0,2317.0,21076.0,7803.0,4610.0,1043.0,1418.0,2173.0,9206.0,587.0,143.0,2682.0,1582.0,801.0,-710.0,364.0,-527.0,3170.0,3539.0,635.0,-591.0,5308.0,1704.0,1105.0,2415.0,1088.0,451.0,-1425.0,1117.0,8364.0,4927.0,1174.0,1756.0,4857.0,1394.0
3310.0,917.0,744.0,8776.0,1264.0,892.0,1034.0,4848.0,1854.0,1491.0,783.0,1048.0,1208.0,1489.0,1104.0,976.0,716.0,1103.0,15383.0,1719.0,5585.0,1020.0,1048.0,1897.0,1147.0,721.0,1987.0,10739.0,1884.0,1795.0,3414.0,1510.0,2660.0,958.0,618.0,861.0,2549.0,2224.0,1508.0,745.0,1555.0,1555.0,1093.0,897.0,785.0,958.0,1511.0,892.0,2182.0,3753.0,4609.0,1319.0,1439.0,1211.0,706.0,2019.0,1333.0,803.0,1144.0,886.0,9437.0,971.0,1206.0,1397.0,718.0,917.0,1120.0,5078.0,3920.0,1603.0,688.0,1188.0
13146.0,820.0,715.0,3192.0,787.0,7292.0,8568.0,3574.0,4451.0,740.0,2372.0,678.0,4750.0,7453.0,13214.0,310.0,10404.0,346.0,1133.0,1356.0,1897.0,10295.0,461.0,9144.0,1294.0,4824.0,1276.0,2551.0,1863.0,2752.0,778.0,9009.0,5256.0,6199.0,2266.0,1288.0,1833.0,15357.0,6127.0,2362.0,11886.0,8649.0,1997.0,11483.0,2178.0,2122.0,744.0,1842.0,10965.0,4090.0,2540.0,4273.0,1527.0,7593.0,8420.0,10156.0,4537.0,216.0,13883.0,5251.0,851.0,10643.0,952.0,2395.0,2152.0,1221.0,1425.0,1983.0,3680.0,499.0,5705.0,4516.0
-399.0,-146.0,-406.0,-1933.0,-250.0,-107.0,-342.0,-1274.0,-143.0,-1913.0,1475.0,-433.0,-730.0,-459.0,862.0,-947.0,-461.0,-1564.0,-358.0,18180.0,-876.0,893.0,-864.0,-526.0,8144.0,-141.0,-449.0,-753.0,-517.0,-704.0,-431.0,-167.0,-133.0,-415.0,-450.0,-134.0,-728.0,1996.0,1108.0,-744.0,774.0,-130.0,157.0,5119.0,-144.0,-109.0,-775.0,4927.0,174.0,-1379.0,-693.0,-838.0,-806.0,-179.0,5439.0,-334.0,-373.0,1750.0,-379.0,-455.0,-293.0,1518.0,-96.0,1401.0,-1474.0,6137.0,-36.0,-902.0,-333.0,-886.0,-628.0,-230.0
2525.0,20459.0,127.0,301.0,20.0,118.0,29.0,282.0,17022.0,198.0,197.0,160.0,241.0,93.0,455.0,200.0,206.0,13968.0,5830.0,621.0,215.0,9270.0,8054.0,333.0,10043.0,11.0,322.0,445.0,9612.0,7229.0,593.0,257.0,38.0,741.0,16.0,236.0,12715.0,119.0,15202.0,149.0,96.0,183.0,32.0,1012.0,25.0,-104.0,2132.0,3104.0,151.0,5345.0,146.0,150.0,13144.0,159.0,93.0,257.0,8252.0,216.0,116.0,3.0,94.0,-53.0,136.0,21147.0,2667.0,19361.0,6506.0,522.0,1278.0,2096.0,3684.0,185.0
11409.0,28067.0,11995.0,18957.0,13339.0,18407.0,14432.0,16172.0,25528.0,21601.0,4196.0,2155.0,16547.0,18660.0,17979.0,15865.0,12690.0,19018.0,15142.0,2188.0,14522.0,3771.0,23297.0,15009.0,7075.0,5589.0,27597.0,20595.0,23895.0,23373.0,26766.0,21714.0,17264.0,6824.0,7027.0,9880.0,20758.0,16311.0,18421.0,11956.0,9256.0,10429.0,9509.0,14536.0,8358.0,8202.0,14320.0,18508.0,17378.0,13566.0,9256.0,7338.0,20472.0,9147.0,4917.0,18782.0,26512.0,11145.0,15822.0,14049.0,15133.0,3752.0,9642.0,20927.0,26632.0,20254.0,21857.0,22332.0,24051.0,20540.0,4539.0,16543.0
4940.0,-440.0,-7.0,-591.0,-353.0,-17.0,151.0,-565.0,-761.0,-326.0,197.0,-112.0,-882.0,-448.0,365.0,-405.0,-440.0,-986.0,2151.0,804.0,28104.0,-316.0,54.0,153.0,-765.0,-186.0,189.0,14290.0,-595.0,-597.0,-124.0,-293.0,-279.0,103.0,-29.0,83.0,3028.0,90.0,-397.0,-98.0,-824.0,-376.0,-74.0,-2.0,-530.0,-76.0,18.0,-448.0,2846.0,12791.0,27822.0,-378.0,-324.0,-1129.0,-213.0,1027.0,-5.0,-452.0,-318.0,-247.0,16154.0,-307.0,-90.0,-329.0,-864.0,-954.0,-1017.0,15987.0,18275.0,-576.0,-340.0,-129.0
1006.0,-66.0,66.0,17495.0,-4.0,-212.0,-382.0,-766.0,-450.0,-353.0,-100.0,-302.0,-449.0,-177.0,145.0,-27.0,-115.0,-567.0,-134.0,-80.0,13526.0,-187.0,161.0,-44.0,-168.0,-249.0,-115.0,13158.0,-8.0,71.0,-314.0,-268.0,-330.0,70.0,-91.0,-37.0,-118.0,-629.0,-410.0,-351.0,22.0,43.0,-239.0,360.0,-314.0,-287.0,136.0,-153.0,574.0,9252.0,7781.0,-624.0,-753.0,-653.0,-55.0,-9.0,-557.0,60.0,-294.0,-75.0,-458.0,92.0,-251.0,-39.0,-341.0,-222.0,-322.0,5588.0,8361.0,-75.0,34.0,-169.0
12585.0,11621.0,14617.0,9752.0,12122.0,10260.0,12996.0,17349.0,8346.0,5917.0,4396.0,8024.0,8995.0,3407.0,13141.0,9516.0,3061.0,4148.0,3763.0,8930.0,6280.0,4503.0,15349.0,14339.0,3885.0,14648.0,4670.0,14781.0,10168.0,10668.0,10507.0,6606.0,5843.0,4596.0,10616.0,11079.0,13917.0,9987.0,12727.0,14464.0,7166.0,10193.0,4129.0,4609.0,3893.0,3355.0,4145.0,17184.0,11642.0,5086.0,8399.0,4658.0,12168.0,9502.0,13208.0,10174.0,6632.0,4222.0,6609.0,13366.0,10724.0,3462.0,8178.0,5336.0,10900.0,9990.0,4889.0,4396.0,5914.0,5717.0,9678.0,15264.0
